2007340602
2008921714
2008262232
2007996731
2005729975
2008271546
2008557507
2001040529
2004105576
2006335805
2293882
1401049
2006294790
2005068601
2007192477
2005890531
2000042084
2005995068
2008992636
2279733
3918054
4431682
2004973756
2001487097
2004119174
2007508892
2008293828
2008380762
2003493403
2008796508
2002651852
2000912981
1006488855
2006637399
1540577
779330
2008370061
2007270536
1001037570
2008546283
2006899180
5085183
2008972642
1000530109
2000394060
2007872060
2002196567
2006705962
2008720677
2001047168
